data/heightmaps/heightmap_0000.asc
ncols         256
nrows         256
xllcorner     -5.000000
yllcorner     -5.000000
cellsize      0.039062
NODATA_value  -9999
[rows 56 to 83 of 256, columns 186 to 247 of 256]
0.150751 0.153409 0.133353 0.117771 0.099630 0.106488 0.106686 0.098813 0.117323 0.130361 0.137315 0.136967 0.102363 0.087384 0.062506 0.047273 0.032703 0.023570 0.016424 0.014593 0.006859 0.003922 0.001517 0.002025 0.001740 0.002103 0.001740 0.001491 0.000875 0.000588 0.003150 0.005056 0.007423 0.010406 0.013796 0.012839 0.008268 0.007250 0.005419 0.001977 0.000274 0.000023 0.000000 0.000001 0.000001 0.000001 0.000000 0.000000 0.000001 0.000001 0.000001 0.000000 0.000001 0.000001 0.000001 0.000001 0.000001 0.000000 0.000001 0.000000 0.000000 0.000000
0.164081 0.152656 0.139803 0.112979 0.099515 0.112890 0.120991 0.121219 0.137817 0.139889 0.135781 0.137590 0.112785 0.095279 0.073306 0.044161 0.036032 0.034518 0.027709 0.017860 0.011967 0.008061 0.006357 0.005370 0.004330 0.003022 0.001863 0.001086 0.001239 0.002234 0.002604 0.006152 0.006742 0.009288 0.010481 0.012390 0.011372 0.011430 0.008462 0.003168 0.000762 0.000104 0.000001 0.000001 0.000001 0.000000 0.000001 0.000000 0.000000 -0.000001 0.000000 0.000000 0.000000 0.000000 0.000001 0.000000 0.000000 0.000000 0.000000 0.000000 0.000001 0.000000
0.147829 0.124228 0.123193 0.108974 0.106755 0.123105 0.130314 0.141327 0.133902 0.141598 0.135305 0.120366 0.102801 0.084790 0.067687 0.052781 0.046136 0.039892 0.028423 0.020874 0.017229 0.014156 0.011825 0.006921 0.004050 0.004046 0.003033 0.002097 0.002025 0.002254 0.005830 0.008415 0.009021 0.010134 0.010851 0.013246 0.016385 0.014778 0.011154 0.005275 0.001286 0.000200 0.000072 0.000000 0.000000 -0.000002 0.000000 -0.000001 0.000000 0.000001 0.000000 -0.000001 0.000000 -0.000001 0.000000 0.000000 0.000001 0.000000 0.000000 0.000000 -0.000002 -0.000001
0.120646 0.102476 0.111661 0.113164 0.118980 0.119466 0.128000 0.136925 0.130435 0.126817 0.117857 0.101773 0.079878 0.079336 0.068156 0.055376 0.043484 0.034387 0.031929 0.029758 0.027515 0.021199 0.016887 0.008683 0.009837 0.008788 0.006829 0.007859 0.007358 0.006390 0.007126 0.009112 0.012356 0.012973 0.016407 0.015981 0.014943 0.011252 0.008666 0.004229 0.001955 0.001557 0.000398 0.000008 -0.000002 -0.000002 0.000000 0.000000 0.000000 -0.000002 0.000000 -0.000002 0.000000 0.000000 0.000000 0.000001 0.000000 -0.000002 -0.000002 0.000000 -0.000001 0.000000
0.110217 0.102199 0.099717 0.114074 0.124590 0.113134 0.112665 0.123755 0.103108 0.097528 0.085468 0.081651 0.077427 0.060041 0.060471 0.053693 0.035311 0.033107 0.033115 0.030723 0.027074 0.023838 0.020978 0.016809 0.013952 0.013587 0.012591 0.013988 0.011258 0.013860 0.013190 0.012978 0.012727 0.013973 0.017635 0.016317 0.010578 0.005121 0.002924 0.001998 0.002157 0.001097 0.000354 0.000066 0.000000 -0.000002 -0.000001 -0.000001 -0.000001 -0.000001 0.000000 -0.000001 0.000000 0.000000 0.000000 0.000000 0.000000 -0.000002 -0.000002 0.000000 -0.000001 0.000000
0.116924 0.108521 0.107430 0.113214 0.115964 0.099773 0.097980 0.084753 0.075566 0.064657 0.069752 0.065850 0.063514 0.050318 0.044757 0.039597 0.037497 0.031916 0.023809 0.019971 0.021581 0.018936 0.026023 0.024608 0.018520 0.019431 0.017202 0.015512 0.016040 0.016349 0.014297 0.013120 0.011658 0.010023 0.010489 0.011498 0.005686 0.001100 0.000927 0.000740 0.001120 0.000504 0.000058 0.000000 -0.000001 -0.000002 0.000000 -0.000002 0.000000 -0.000002 -0.000001 0.000000 0.000000 0.000000 0.000000 0.000001 0.000000 -0.000001 0.000000 0.000000 -0.000001 0.000000
0.100212 0.085482 0.086063 0.092052 0.106509 0.094824 0.073004 0.065567 0.061258 0.062671 0.061659 0.054478 0.047823 0.045316 0.046993 0.045185 0.035368 0.030334 0.020874 0.018526 0.015667 0.022789 0.029163 0.022239 0.017620 0.014273 0.017030 0.013538 0.008145 0.010909 0.008392 0.004820 0.003983 0.007034 0.006263 0.005507 0.002562 0.000427 0.000001 0.000000 0.000021 0.000008 -0.000001 0.000001 0.000000 -0.000001 -0.000001 -0.000001 0.000000 -0.000001 0.000000 -0.000001 0.000001 0.000000 0.000000 0.000001 0.000000 -0.000001 0.000000 0.000000 -0.000001 0.000000
0.078584 0.069000 0.074198 0.081721 0.087890 0.073672 0.067109 0.058853 0.058934 0.058328 0.053895 0.041028 0.040730 0.039835 0.038733 0.037743 0.041876 0.037772 0.028593 0.021076 0.023119 0.023224 0.025220 0.020626 0.011893 0.009516 0.008129 0.007156 0.006242 0.008670 0.006989 0.002835 0.001324 0.002658 0.002521 0.002046 0.001874 0.000479 0.000010 0.000000 -0.000001 -0.000001 0.000000 0.000000 -0.000001 0.000000 0.000000 -0.000002 -0.000001 0.000001 0.000000 -0.000002 -0.000001 -0.000002 0.000001 0.000000 0.000001 0.000000 -0.000001 0.000000 0.000000 -0.000001
0.064036 0.054956 0.067030 0.066090 0.071323 0.074934 0.071725 0.052776 0.046061 0.048189 0.052222 0.039698 0.031500 0.037996 0.039654 0.046705 0.036218 0.032466 0.028455 0.021529 0.019903 0.018286 0.016303 0.014207 0.010760 0.007312 0.003176 0.002034 0.003069 0.005418 0.003205 0.000920 0.000109 0.000011 0.000009 0.000245 0.000287 0.000121 0.000018 -0.000002 -0.000001 0.000000 0.000000 0.000000 0.000000 0.000000 0.000000 -0.000001 0.000000 0.000000 0.000000 -0.000001 0.000000 0.000000 -0.000002 0.000000 -0.000002 0.000000 -0.000002 0.000000 0.000000 -0.000002
0.058364 0.054887 0.059204 0.061528 0.061278 0.060658 0.053831 0.051952 0.039776 0.041422 0.040718 0.032728 0.024142 0.024132 0.031533 0.033808 0.029832 0.025716 0.023609 0.018714 0.015656 0.015059 0.010806 0.008493 0.006687 0.003042 0.000642 0.000217 0.000374 0.000845 0.001341 0.000423 0.000035 0.000000 0.000001 0.000004 0.000003 0.000001 0.000000 0.000000 0.000001 0.000000 0.000001 0.000001 0.000001 0.000001 0.000001 0.000001 0.000001 0.000001 0.000001 0.000001 0.000001 0.000001 0.000001 0.000001 0.000001 0.000001 0.000001 0.000000 0.000001 0.000001
0.048162 0.047490 0.056890 0.052965 0.049039 0.045282 0.051372 0.040172 0.033511 0.034832 0.039697 0.028570 0.025885 0.018521 0.020973 0.022761 0.021384 0.016310 0.011986 0.013187 0.013133 0.010661 0.009297 0.004577 0.003699 0.002169 0.000318 0.000005 0.000007 0.000266 0.000408 0.000084 0.000000 0.000001 -0.000001 -0.000001 0.000000 0.000001 -0.000001 0.000000 0.000000 0.000001 0.000000 0.000001 0.000000 -0.000001 0.000000 -0.000001 0.000000 -0.000001 0.000001 -0.000001 0.000001 0.000000 0.000000 0.000001 0.000000 0.000001 0.000000 0.000000 -0.000001 0.000000
0.047235 0.048944 0.060957 0.056870 0.049609 0.054410 0.040136 0.031434 0.031819 0.027932 0.026875 0.022943 0.023901 0.022310 0.021999 0.024371 0.023064 0.013140 0.010921 0.010199 0.011515 0.013097 0.013517 0.007772 0.003893 0.000924 0.000071 -0.000001 0.000001 0.000010 0.000011 0.000001 0.000001 0.000001 0.000001 0.000000 0.000001 0.000001 0.000000 -0.000001 0.000001 0.000000 0.000001 0.000000 0.000001 0.000002 0.000001 0.000001 0.000001 0.000000 0.000001 0.000001 0.000000 0.000000 0.000000 0.000001 0.000000 0.000000 0.000000 0.000000 0.000001 0.000000
0.050378 0.050672 0.060435 0.058818 0.050878 0.055169 0.034886 0.028870 0.023088 0.020710 0.020096 0.015360 0.018469 0.018740 0.025376 0.033834 0.028175 0.018755 0.014889 0.014265 0.014053 0.010139 0.010345 0.006397 0.003064 0.000408 -0.000001 -0.000001 -0.000002 0.000000 -0.000001 -0.000001 0.000000 -0.000001 0.000000 0.000000 0.000000 -0.000002 -0.000001 0.000000 0.000000 0.000000 0.000000 -0.000002 0.000000 -0.000002 -0.000001 0.000000 0.000000 -0.000002 -0.000002 -0.000002 -0.000002 0.000000 0.000000 0.000000 0.000000 0.000000 0.000000 0.000000 -0.000002 0.000000
0.062577 0.057291 0.049193 0.053151 0.052566 0.042332 0.028603 0.027331 0.029028 0.024518 0.025504 0.022367 0.023720 0.021637 0.026317 0.027119 0.026215 0.024259 0.018961 0.014615 0.015984 0.011405 0.008545 0.004987 0.002611 0.000361 0.000003 0.000002 -0.000001 -0.000001 -0.000001 0.000000 0.000001 0.000000 0.000001 0.000000 0.000001 -0.000001 0.000000 0.000000 0.000001 0.000000 0.000001 -0.000001 0.000000 0.000000 0.000000 0.000001 0.000000 -0.000001 0.000000 -0.000001 0.000000 -0.000001 0.000001 0.000000 0.000001 0.000000 0.000000 0.000000 0.000001 0.000000
0.052192 0.040747 0.043957 0.043141 0.041603 0.039022 0.029675 0.031138 0.030879 0.031753 0.032944 0.030445 0.030173 0.028122 0.027909 0.027590 0.024823 0.015483 0.013130 0.010374 0.013183 0.010528 0.008146 0.005315 0.001280 0.000086 -0.000001 -0.000001 0.000000 0.000000 -0.000001 0.000000 0.000000 0.000000 0.000000 0.000000 -0.000001 0.000001 0.000001 0.000000 0.000000 0.000000 0.000000 0.000000 0.000000 0.000000 0.000000 0.000000 0.000000 0.000000 -0.000001 0.000000 0.000000 0.000000 0.000000 0.000000 0.000000 0.000000 0.000000 0.000000 0.000000 0.000000
0.036698 0.031671 0.035487 0.034938 0.033427 0.031776 0.031996 0.040808 0.035629 0.034923 0.033950 0.033535 0.034433 0.036906 0.033571 0.027615 0.024366 0.012500 0.008637 0.005130 0.007714 0.007939 0.004572 0.002405 0.000429 0.000021 0.000001 0.000000 0.000001 -0.000001 0.000001 -0.000001 0.000001 0.000001 0.000001 -0.000001 0.000001 0.000001 0.000001 0.000000 0.000001 0.000001 0.000001 0.000001 0.000001 0.000001 0.000001 0.000001 0.000001 0.000001 0.000001 0.000001 0.000001 0.000001 0.000001 0.000001 0.000001 0.000001 0.000001 0.000000 0.000001 0.000001
0.024165 0.028045 0.028021 0.024375 0.018804 0.020662 0.023496 0.033973 0.035857 0.031772 0.037987 0.039636 0.033567 0.033805 0.030415 0.022482 0.016673 0.007987 0.004223 0.001388 0.001681 0.002640 0.001637 0.000664 0.000072 0.000000 0.000000 0.000000 0.000000 0.000000 0.000001 0.000000 0.000000 0.000000 0.000000 0.000001 0.000000 0.000000 0.000000 0.000000 0.000000 0.000000 0.000001 0.000000 0.000000 0.000001 0.000001 0.000000 0.000000 0.000001 0.000000 0.000001 0.000000 0.000001 0.000000 0.000001 0.000000 0.000000 0.000000 0.000000 0.000000 0.000001
0.007545 0.010857 0.012317 0.014709 0.011304 0.016372 0.015919 0.018956 0.033469 0.028163 0.032870 0.035507 0.029548 0.028195 0.023902 0.020013 0.008295 0.004184 0.002414 0.001800 0.000895 0.002839 0.002151 0.000533 0.000040 0.000000 0.000001 -0.000001 0.000000 0.000001 0.000001 0.000000 0.000001 0.000000 0.000000 0.000001 0.000001 0.000000 0.000000 -0.000001 0.000000 0.000000 0.000001 0.000000 -0.000001 0.000000 0.000000 0.000000 0.000001 0.000000 0.000001 0.000000 0.000000 0.000001 0.000000 0.000001 0.000000 0.000000 0.000001 0.000000 0.000000 0.000001
0.001528 0.001770 0.003126 0.003609 0.005139 0.008479 0.007982 0.009033 0.020715 0.027729 0.024828 0.027484 0.019763 0.017946 0.017695 0.013611 0.008070 0.004256 0.003921 0.002378 0.001180 0.000996 0.000782 0.000139 0.000005 0.000000 0.000000 -0.000001 0.000000 0.000000 0.000000 0.000000 0.000000 0.000000 -0.000001 0.000000 0.000000 0.000001 -0.000001 0.000000 0.000001 0.000000 0.000000 0.000000 0.000000 0.000000 0.000000 0.000000 0.000000 0.000000 0.000000 0.000000 0.000000 0.000000 0.000000 0.000000 0.000000 0.000000 0.000000 0.000000 0.000000 0.000000
0.000090 0.000136 0.000242 0.001249 0.001147 0.003598 0.004092 0.009585 0.016413 0.021897 0.018249 0.020479 0.012754 0.015154 0.013332 0.011950 0.010135 0.005504 0.005736 0.003504 0.001855 0.000584 0.000201 0.000020 0.000001 0.000000 0.000000 0.000000 0.000001 0.000000 0.000000 0.000000 0.000001 -0.000001 0.000001 0.000001 -0.000001 0.000001 0.000001 -0.000001 0.000001 0.000001 -0.000001 0.000001 -0.000001 0.000001 0.000001 0.000000 0.000000 0.000001 0.000001 0.000001 0.000001 0.000001 0.000001 0.000001 0.000001 0.000001 0.000001 0.000000 0.000001 0.000001
0.000001 0.000001 0.000030 0.000140 0.000293 0.001444 0.004294 0.008957 0.013359 0.021608 0.020103 0.016683 0.013144 0.011325 0.008729 0.007140 0.005841 0.004162 0.004210 0.002151 0.000741 0.000144 0.000021 0.000000 0.000002 0.000000 0.000000 0.000000 0.000002 0.000000 0.000002 0.000000 0.000000 0.000001 0.000000 0.000000 0.000000 0.000001 0.000000 0.000001 0.000000 0.000000 0.000000 0.000000 0.000000 0.000000 0.000000 0.000000 0.000000 0.000000 0.000000 0.000000 0.000000 0.000000 0.000000 0.000000 0.000000 0.000002 0.000000 -0.000001 0.000000 0.000000
0.000000 0.000000 0.000002 0.000008 0.000034 0.000215 0.002713 0.007239 0.014599 0.019483 0.023005 0.016303 0.017304 0.012428 0.007659 0.005163 0.003103 0.003297 0.002255 0.000699 0.000335 0.000044 0.000001 0.000000 0.000001 0.000000 0.000001 0.000000 0.000001 0.000000 0.000001 0.000000 0.000001 0.000000 -0.000001 0.000000 -0.000001 0.000000 0.000000 0.000000 -0.000001 0.000000 -0.000001 0.000000 0.000000 0.000000 0.000000 0.000000 0.000000 0.000000 0.000000 0.000000 0.000000 0.000000 0.000000 0.000000 0.000000 0.000000 0.000000 0.000000 0.000000 0.000000
0.000000 -0.000002 0.000001 -0.000002 0.000002 0.000017 0.001781 0.005583 0.009534 0.020033 0.022570 0.018527 0.014809 0.011557 0.005344 0.003608 0.002566 0.002097 0.000577 0.000072 0.000034 0.000001 0.000001 0.000000 0.000001 0.000000 0.000000 0.000000 0.000001 0.000001 0.000000 0.000001 0.000001 -0.000002 0.000001 0.000001 0.000000 0.000001 0.000001 0.000001 0.000000 0.000001 0.000001 0.000000 0.000000 0.000000 0.000001 0.000001 0.000000 0.000001 0.000000 0.000000 0.000001 0.000000 0.000001 0.000000 0.000000 0.000001 0.000000 0.000000 0.000000 0.000001
-0.000001 0.000000 -0.000001 -0.000001 0.000000 0.000007 0.000594 0.003236 0.006182 0.012158 0.016347 0.015801 0.014352 0.013411 0.006121 0.002553 0.000969 0.000285 0.000028 0.000001 0.000000 0.000001 0.000000 0.000001 0.000001 0.000000 0.000000 0.000000 0.000000 0.000000 0.000001 0.000000 -0.000001 -0.000001 -0.000001 -0.000002 0.000000 0.000001 -0.000001 0.000001 0.000001 0.000000 0.000000 -0.000001 0.000001 -0.000001 0.000000 0.000001 0.000000 0.000001 0.000000 0.000000 0.000000 0.000000 0.000000 0.000001 0.000000 0.000001 0.000000 0.000000 -0.000001 0.000001
0.000001 0.000000 -0.000001 0.000000 0.000001 0.000002 0.000057 0.000841 0.002959 0.006594 0.010883 0.020741 0.018925 0.016017 0.005509 0.001164 0.000155 0.000003 0.000000 0.000000 0.000000 0.000000 0.000001 0.000000 0.000001 0.000000 -0.000001 0.000001 0.000000 -0.000001 0.000001 -0.000001 0.000001 0.000000 0.000001 0.000000 0.000000 -0.000001 0.000000 0.000000 0.000001 0.000000 0.000001 0.000000 0.000000 0.000000 0.000000 0.000000 0.000000 0.000000 0.000000 0.000000 0.000000 -0.000001 0.000000 0.000000 0.000000 -0.000001 0.000000 0.000000 0.000000 0.000000
0.000000 0.000000 0.000001 0.000000 0.000001 0.000000 -0.000002 0.000073 0.001731 0.003107 0.006590 0.009968 0.013729 0.012015 0.004080 0.000836 0.000053 -0.000001 0.000001 -0.000002 0.000000 0.000001 0.000001 0.000001 0.000001 0.000000 0.000000 0.000000 0.000000 -0.000001 0.000000 -0.000002 0.000002 -0.000002 0.000000 -0.000002 -0.000002 -0.000001 -0.000002 0.000000 0.000001 0.000001 -0.000002 -0.000002 -0.000001 0.000001 0.000001 0.000001 0.000001 0.000001 0.000001 0.000000 0.000000 0.000001 0.000001 0.000001 0.000000 0.000001 0.000000 0.000000 -0.000002 -0.000002
0.000000 -0.000001 0.000000 -0.000001 0.000000 -0.000001 0.000000 0.000000 0.001259 0.001415 0.003313 0.003028 0.004464 0.005854 0.002616 0.000257 0.000000 -0.000001 0.000001 0.000001 0.000001 0.000000 0.000001 0.000000 -0.000001 0.000000 0.000001 -0.000001 0.000001 0.000001 0.000001 -0.000001 -0.000001 -0.000001 0.000001 0.000001 0.000000 -0.000001 0.000000 0.000000 0.000000 0.000001 0.000001 0.000001 0.000000 0.000000 0.000001 -0.000001 0.000001 -0.000001 0.000001 0.000001 0.000001 0.000001 0.000001 0.000000 0.000001 0.000001 0.000001 0.000000 0.000001 0.000001
0.000000 0.000000 0.000001 0.000000 0.000001 -0.000001 0.000000 0.000000 0.000324 0.000188 0.000443 0.000324 0.001039 0.001016 0.000362 -0.000001 0.000000 0.000001 0.000001 0.000001 0.000001 -0.000001 0.000000 -0.000001 0.000002 -0.000001 0.000001 -0.000001 0.000001 -0.000001 0.000002 0.000000 0.000002 0.000001 0.000000 0.000000 -0.000001 -0.000001 0.000001 -0.000001 -0.000001 -0.000001 0.000000 -0.000001 -0.000001 0.000001 -0.000001 -0.000001 0.000001 0.000001 0.000001 0.000001 0.000001 0.000001 -0.000001 0.000001 0.000001 0.000001 0.000001 0.000000 -0.000001 -0.000001
