data/heightmaps/heightmap_0000.asc
ncols         256
nrows         256
xllcorner     -5.000000
yllcorner     -5.000000
cellsize      0.039062
NODATA_value  -9999
[rows 84 to 111 of 256, columns 124 to 185 of 256]
0.000000 0.000000 0.000000 0.000000 0.000000 0.000000 0.000000 0.000000 0.000000 0.000029 0.001116 0.004630 0.009693 0.014463 0.017560 0.015358 0.013381 0.013965 0.012704 0.011108 0.013705 0.017559 0.018614 0.011267 0.010260 0.014672 0.013290 0.012731 0.012556 0.019653 0.038995 0.051064 0.060173 0.080658 0.087792 0.107250 0.114165 0.132039 0.137788 0.118044 0.111247 0.093079 0.067697 0.048836 0.031484 0.013314 0.006602 0.001943 0.000017 0.000000 0.000000 0.000000 0.000000 0.000000 0.000000 0.000001 0.000001 0.000000 0.000000 0.000001 0.000000 0.000000
0.000001 0.000000 0.000000 0.000000 -0.000001 0.000000 -0.000001 0.000000 0.000001 0.000000 0.000360 0.002097 0.005197 0.009262 0.013537 0.014936 0.011218 0.012495 0.014627 0.014909 0.015160 0.018258 0.016781 0.010663 0.007607 0.009088 0.005691 0.004010 0.007013 0.012185 0.020810 0.030874 0.041773 0.055485 0.078128 0.095341 0.110087 0.118644 0.110436 0.092125 0.077883 0.058262 0.048681 0.041128 0.026314 0.010395 0.003986 0.000014 0.000001 0.000001 0.000001 0.000000 0.000001 0.000000 0.000001 0.000000 0.000001 0.000000 0.000001 0.000000 0.000001 0.000000
0.000001 0.000000 0.000000 -0.000001 0.000001 -0.000001 0.000000 0.000001 0.000001 0.000001 0.000000 0.000438 0.001100 0.002299 0.005415 0.007502 0.009129 0.012541 0.015739 0.014180 0.015766 0.018214 0.014035 0.008099 0.007298 0.005146 0.002070 0.001364 0.003511 0.007836 0.014206 0.020443 0.030704 0.054304 0.072554 0.083945 0.085292 0.083234 0.082530 0.071431 0.057353 0.047808 0.035880 0.036389 0.017741 0.007730 0.003036 0.000000 0.000001 0.000001 0.000000 0.000000 0.000000 0.000000 0.000000 0.000000 0.000001 0.000001 0.000000 0.000001 0.000000 0.000000
0.000000 0.000000 0.000001 0.000000 0.000001 0.000001 0.000000 0.000000 -0.000001 0.000000 0.000000 0.000000 -0.000001 0.000270 0.001265 0.002151 0.004804 0.010324 0.011973 0.009145 0.009223 0.011106 0.006678 0.003722 0.004064 0.001484 0.000435 0.000596 0.002349 0.006042 0.012198 0.019520 0.029917 0.045234 0.054136 0.056464 0.059838 0.063660 0.058940 0.051084 0.047108 0.040079 0.025707 0.017720 0.007812 0.004178 0.001195 0.000001 0.000000 0.000001 0.000000 -0.000001 0.000000 0.000000 0.000001 0.000001 0.000001 0.000000 -0.000001 0.000001 0.000002 0.000001
0.000001 0.000000 0.000000 0.000000 0.000000 0.000000 0.000000 0.000001 0.000001 0.000001 0.000001 -0.000001 -0.000001 0.000001 0.000067 0.000397 0.001842 0.004206 0.004482 0.001997 0.003076 0.002544 0.001378 0.000861 0.000323 0.000358 0.000022 0.000218 0.000863 0.003393 0.010884 0.014759 0.020871 0.030915 0.042100 0.048350 0.053093 0.057236 0.054567 0.048203 0.042409 0.028267 0.018509 0.011415 0.005554 0.000748 0.000038 0.000000 0.000001 -0.000001 0.000000 0.000000 0.000000 0.000000 0.000001 -0.000001 0.000001 -0.000002 0.000001 -0.000002 0.000001 0.000000
0.000000 0.000001 0.000000 -0.000001 0.000000 0.000000 0.000001 0.000001 0.000000 0.000000 0.000002 -0.000001 0.000000 0.000001 -0.000001 0.000012 0.000381 0.001410 0.001339 0.000617 0.000367 0.000265 0.000017 0.000000 0.000071 0.000002 0.000001 0.000000 0.000136 0.001768 0.002852 0.006983 0.015019 0.025131 0.032056 0.034837 0.040209 0.050513 0.055226 0.044092 0.028579 0.017322 0.011353 0.007264 0.003394 0.000750 0.000000 0.000001 0.000001 -0.000001 -0.000001 -0.000001 -0.000001 0.000001 0.000001 0.000000 0.000000 0.000000 0.000001 -0.000001 0.000001 0.000000
0.000001 0.000000 0.000000 0.000000 0.000002 0.000000 0.000000 0.000001 0.000001 0.000001 0.000000 0.000000 0.000000 0.000001 -0.000001 0.000000 0.000146 0.000598 0.000439 0.000736 0.000007 0.000001 0.000000 0.000001 0.000001 0.000001 0.000001 0.000001 0.000001 0.000011 0.000855 0.003022 0.010201 0.012989 0.015757 0.018456 0.024927 0.036776 0.031292 0.033426 0.026289 0.019046 0.006051 0.003219 0.000700 0.000029 0.000000 0.000001 0.000000 0.000001 0.000001 0.000000 0.000000 -0.000001 0.000001 0.000001 0.000000 -0.000002 0.000001 0.000001 0.000001 0.000001
0.000001 0.000000 0.000000 0.000001 0.000001 0.000000 0.000000 0.000001 0.000001 0.000001 0.000000 -0.000001 -0.000001 0.000000 -0.000001 -0.000001 0.000077 0.000042 0.000311 0.000182 0.000000 0.000000 0.000000 0.000000 0.000001 0.000000 0.000001 0.000001 0.000000 0.000000 0.000023 0.001562 0.001957 0.003558 0.004526 0.007288 0.012716 0.009889 0.016076 0.015951 0.017753 0.012101 0.005542 0.000860 0.000113 0.000001 0.000000 0.000000 0.000001 -0.000001 0.000000 0.000000 0.000001 0.000000 0.000000 0.000001 0.000000 0.000000 0.000001 0.000000 0.000001 -0.000001
0.000001 0.000000 0.000001 -0.000001 -0.000001 0.000001 0.000000 0.000001 0.000001 0.000001 0.000001 0.000000 0.000001 0.000000 0.000001 0.000001 0.000000 0.000005 0.000063 0.000000 0.000000 0.000000 0.000000 0.000000 -0.000001 0.000000 0.000000 0.000000 0.000000 0.000000 0.000000 0.000000 0.000287 0.000487 0.001370 0.004208 0.003321 0.003853 0.004112 0.006983 0.008050 0.004267 0.001201 0.000668 0.000005 0.000001 0.000001 -0.000001 0.000000 0.000000 0.000000 0.000000 -0.000001 0.000000 0.000000 -0.000001 0.000000 0.000000 0.000000 0.000000 0.000000 -0.000001
0.000000 0.000000 0.000001 0.000000 0.000001 0.000000 0.000000 0.000000 0.000000 -0.000001 0.000001 0.000000 -0.000001 0.000001 -0.000001 -0.000001 0.000000 0.000000 0.000000 0.000001 0.000001 0.000000 0.000000 0.000001 0.000001 0.000001 0.000001 0.000000 0.000001 0.000001 0.000001 0.000000 0.000019 0.000161 0.001429 0.002915 0.001060 0.000645 0.001126 0.001607 0.001298 0.000641 0.000193 0.000031 0.000000 0.000000 0.000000 0.000001 0.000001 0.000001 0.000001 0.000000 0.000000 0.000000 0.000001 0.000000 0.000001 0.000000 0.000001 0.000000 0.000001 0.000000
0.000001 0.000000 0.000000 0.000000 0.000000 0.000000 0.000000 0.000001 0.000000 0.000001 0.000001 0.000000 0.000000 -0.000002 0.000000 0.000000 -0.000002 0.000001 0.000001 0.000000 0.000000 0.000001 0.000000 0.000000 0.000001 0.000000 0.000000 0.000000 -0.000002 -0.000001 0.000001 0.000000 0.000011 0.000196 0.000860 0.000398 0.000076 0.000051 0.000047 0.000129 0.000103 0.000012 0.000000 0.000001 0.000000 0.000001 0.000000 0.000000 0.000002 0.000000 0.000000 0.000000 0.000000 0.000001 -0.000001 0.000001 0.000000 0.000000 0.000002 0.000000 0.000000 0.000000
0.000000 0.000000 0.000000 -0.000001 0.000000 -0.000001 0.000000 0.000000 0.000000 0.000001 0.000001 0.000000 0.000001 0.000001 -0.000001 -0.000001 0.000001 0.000001 0.000001 0.000001 0.000001 0.000001 0.000000 0.000001 0.000001 0.000001 0.000001 0.000000 -0.000001 -0.000001 0.000002 -0.000001 0.000000 0.000048 0.000066 0.000001 -0.000001 0.000000 0.000001 0.000000 -0.000002 0.000001 -0.000001 0.000001 -0.000001 0.000001 0.000001 -0.000001 -0.000001 0.000000 -0.000002 0.000000 0.000001 0.000000 0.000001 -0.000001 -0.000001 -0.000002 0.000001 -0.000002 0.000001 0.000001
0.000001 0.000000 0.000001 0.000000 0.000000 0.000001 0.000000 0.000001 0.000001 0.000001 0.000001 -0.000001 0.000000 0.000000 -0.000001 0.000000 -0.000002 0.000001 0.000000 0.000000 0.000000 -0.000001 0.000003 0.000006 0.000000 0.000000 0.000002 0.000000 -0.000002 0.000002 0.000001 0.000001 0.000000 0.000000 0.000001 0.000000 0.000000 0.000000 0.000001 -0.000001 0.000000 0.000000 0.000000 0.000001 0.000000 0.000000 -0.000001 0.000000 0.000001 0.000000 0.000001 0.000000 0.000000 0.000001 0.000000 0.000000 0.000000 0.000000 0.000000 0.000000 0.000000 0.000001
0.000000 0.000000 0.000000 0.000000 0.000000 0.000000 0.000000 0.000000 0.000001 -0.000001 0.000000 -0.000001 -0.000001 0.000000 -0.000001 -0.000001 0.000000 0.000001 0.000001 -0.000001 0.000000 0.000029 0.000219 0.000238 0.000000 0.000000 0.000001 0.000000 0.000000 0.000001 0.000001 0.000000 0.000000 0.000000 0.000001 0.000001 0.000000 -0.000001 -0.000001 -0.000001 0.000000 0.000001 0.000000 0.000001 0.000001 0.000000 -0.000001 0.000001 -0.000001 0.000001 -0.000001 -0.000001 0.000001 0.000002 0.000001 -0.000002 0.000000 -0.000002 0.000001 0.000001 0.000001 0.000001
0.000001 0.000000 0.000000 -0.000001 0.000001 0.000000 0.000000 0.000001 0.000001 0.000001 0.000001 0.000000 0.000000 0.000000 -0.000001 0.000000 -0.000002 0.000001 0.000106 0.000585 0.000163 0.000155 0.000770 0.002457 0.000736 0.000000 0.000000 0.000000 0.000000 0.000000 0.000001 -0.000002 0.000000 0.000000 0.000000 0.000001 0.000001 0.000000 -0.000001 0.000000 0.000000 0.000001 0.000000 0.000001 0.000000 0.000001 -0.000001 0.000000 0.000001 0.000000 0.000000 0.000000 0.000000 0.000001 0.000000 0.000001 0.000000 0.000000 0.000001 0.000000 0.000001 0.000000
0.000001 -0.000001 -0.000001 -0.000001 -0.000001 -0.000001 -0.000001 0.000001 -0.000001 0.000000 -0.000001 0.000000 0.000001 0.000000 0.000000 0.000001 0.000000 0.000010 0.000343 0.000290 0.000156 0.001121 0.004238 0.002871 0.000745 0.000049 0.000000 0.000000 0.000000 0.000000 0.000007 0.000299 0.000005 0.000000 -0.000001 0.000000 0.000000 0.000000 -0.000001 -0.000001 0.000000 0.000000 0.000000 0.000000 0.000000 0.000000 0.000000 0.000000 0.000000 0.000000 0.000000 0.000000 0.000000 0.000000 0.000000 0.000000 0.000001 0.000000 0.000000 0.000000 -0.000001 0.000000
0.000001 0.000000 0.000000 0.000000 0.000000 0.000001 0.000000 0.000001 0.000000 0.000001 0.000001 0.000000 0.000000 0.000001 0.000000 0.000000 0.000001 0.000205 0.001274 0.001207 0.000777 0.001686 0.002901 0.000778 0.000601 0.000283 0.000001 0.000000 0.000001 0.000002 0.000181 0.000002 0.000000 0.000000 0.000000 0.000000 0.000001 0.000000 0.000000 0.000000 0.000000 0.000001 0.000001 0.000001 0.000001 0.000000 -0.000001 0.000001 0.000000 0.000000 -0.000001 0.000000 -0.000001 0.000001 -0.000001 0.000000 -0.000001 0.000000 -0.000001 0.000000 0.000000 0.000001
0.000001 0.000001 0.000000 -0.000001 0.000000 0.000000 0.000001 0.000000 0.000000 -0.000001 0.000000 0.000001 -0.000001 0.000000 0.000000 -0.000001 0.000000 0.000482 0.000582 0.000444 0.000093 0.000806 0.000183 0.000260 0.000180 0.000008 0.000000 0.000000 0.000000 0.000025 0.000000 0.000001 0.000000 0.000000 0.000000 0.000002 0.000000 0.000000 0.000001 0.000000 0.000001 0.000001 0.000001 0.000000 0.000000 0.000001 0.000000 0.000000 0.000001 0.000000 0.000000 0.000000 0.000000 0.000000 0.000000 0.000002 0.000001 0.000000 0.000001 0.000001 0.000001 0.000001
0.000001 0.000000 0.000000 0.000000 0.000000 0.000000 0.000000 0.000001 0.000000 0.000001 0.000001 0.000000 0.000000 0.000001 -0.000001 0.000000 0.000001 0.000015 0.000103 0.000006 0.000000 0.000001 0.000003 0.000031 0.000107 0.000001 0.000001 0.000000 0.000001 0.000001 0.000000 0.000001 0.000000 0.000000 0.000001 0.000000 0.000001 0.000001 0.000001 0.000000 0.000000 0.000001 0.000001 -0.000001 0.000001 0.000001 0.000000 0.000000 0.000000 0.000000 0.000000 0.000000 -0.000001 0.000000 -0.000001 0.000002 0.000001 0.000000 0.000001 0.000001 0.000001 0.000000
0.000000 0.000000 0.000000 0.000000 0.000001 0.000000 0.000000 0.000000 0.000000 -0.000001 0.000000 -0.000001 0.000000 0.000000 -0.000001 0.000000 0.000000 0.000000 0.000001 0.000000 0.000000 0.000000 0.000001 0.000048 0.000000 0.000000 0.000000 0.000000 0.000000 0.000000 0.000001 -0.000001 0.000000 0.000001 -0.000002 0.000000 0.000001 0.000000 0.000001 0.000000 -0.000001 0.000001 -0.000002 0.000001 0.000000 0.000000 0.000000 0.000000 0.000001 0.000000 0.000001 0.000000 -0.000002 0.000001 0.000000 -0.000002 0.000001 -0.000002 0.000001 0.000000 0.000001 0.000000
0.000000 0.000000 0.000000 0.000000 0.000000 -0.000001 -0.000001 0.000000 0.000000 0.000000 0.000001 0.000000 0.000000 0.000000 0.000000 0.000000 0.000000 0.000000 -0.000001 0.000000 0.000000 0.000000 0.000000 0.000000 0.000000 0.000001 0.000000 -0.000001 -0.000001 0.000000 0.000000 0.000001 -0.000002 0.000000 0.000000 0.000000 0.000000 0.000000 0.000000 0.000000 0.000002 0.000000 0.000000 0.000000 0.000000 0.000000 0.000000 0.000000 0.000002 0.000001 0.000000 0.000000 0.000001 0.000000 0.000000 0.000001 0.000001 0.000001 0.000000 0.000002 0.000000 0.000000
0.000001 0.000000 0.000001 0.000000 0.000000 0.000000 0.000000 0.000001 0.000001 -0.000001 0.000001 0.000000 0.000000 0.000001 -0.000001 0.000000 0.000001 0.000000 0.000000 0.000000 0.000001 0.000001 0.000000 0.000001 0.000000 0.000001 0.000001 0.000000 0.000001 0.000001 0.000000 0.000001 -0.000001 0.000000 0.000001 0.000002 0.000001 0.000000 0.000001 0.000000 0.000001 0.000001 0.000000 0.000001 0.000001 0.000001 0.000000 0.000000 0.000001 0.000001 0.000000 0.000000 0.000001 0.000001 0.000001 0.000002 -0.000001 0.000000 -0.000001 0.000000 0.000001 0.000000
0.000000 0.000000 0.000001 0.000000 0.000001 0.000000 0.000000 0.000000 -0.000001 0.000000 0.000006 0.000031 0.000007 0.000019 0.000000 0.000000 0.000001 0.000000 0.000001 0.000000 0.000000 0.000000 0.000000 0.000000 0.000001 0.000000 -0.000001 0.000002 0.000000 0.000000 0.000001 0.000000 -0.000001 0.000001 0.000000 0.000000 0.000000 0.000000 0.000001 0.000000 0.000001 0.000001 0.000000 0.000001 0.000000 0.000001 0.000001 0.000000 0.000001 0.000000 0.000001 0.000000 0.000000 0.000001 0.000000 -0.000002 -0.000002 -0.000002 0.000000 -0.000002 0.000000 0.000001
0.000000 0.000000 0.000000 0.000000 0.000000 0.000000 0.000000 0.000001 0.000000 0.000041 0.000300 0.000642 0.001406 0.001867 0.000067 0.000000 0.000001 0.000000 -0.000001 0.000000 0.000000 0.000001 0.000000 0.000001 -0.000001 0.000001 0.000000 0.000000 0.000001 0.000001 0.000002 0.000000 0.000000 0.000001 0.000000 0.000000 0.000001 0.000001 0.000001 -0.000001 0.000002 0.000001 0.000000 0.000001 0.000001 0.000001 0.000000 0.000000 0.000001 0.000000 0.000002 0.000000 0.000000 0.000000 0.000001 0.000001 0.000000 0.000000 -0.000001 0.000002 0.000001 0.000001
0.000000 -0.000001 0.000001 0.000000 0.000000 0.000000 0.000000 -0.000001 0.000049 0.000468 0.001051 0.002016 0.004128 0.002343 0.000885 0.000000 0.000001 0.000000 0.000000 0.000000 0.000000 0.000000 -0.000002 0.000000 -0.000001 0.000000 0.000001 0.000000 0.000001 0.000001 0.000000 0.000001 0.000000 0.000001 0.000000 0.000000 0.000001 0.000002 0.000001 0.000000 0.000000 0.000002 0.000000 0.000001 0.000000 0.000002 0.000001 0.000000 0.000001 0.000000 0.000001 0.000000 0.000001 0.000000 0.000001 -0.000001 0.000001 0.000000 0.000000 0.000000 0.000001 0.000000
0.000000 0.000000 0.000001 0.000000 0.000001 0.000001 0.000000 0.000006 0.000222 0.000891 0.002419 0.004610 0.005710 0.003047 0.000520 0.000652 0.000001 0.000001 0.000000 -0.000001 0.000000 0.000001 0.000000 0.000000 0.000000 0.000000 0.000000 0.000000 0.000000 0.000000 -0.000002 0.000001 0.000000 0.000001 0.000001 0.000000 0.000000 0.000000 0.000000 0.000000 0.000000 0.000000 0.000000 0.000000 0.000000 0.000000 0.000000 -0.000001 0.000000 0.000000 -0.000002 0.000000 0.000000 0.000000 -0.000001 -0.000002 0.000000 0.000000 0.000000 0.000000 0.000000 0.000000
0.000000 0.000000 0.000000 -0.000001 0.000000 -0.000001 0.000076 0.000416 0.000707 0.003103 0.005892 0.007854 0.009254 0.004228 0.003171 0.000663 0.000282 0.000001 0.000000 0.000001 0.000001 -0.000001 0.000000 0.000000 0.000000 0.000001 0.000000 0.000000 0.000000 0.000001 0.000001 0.000000 0.000000 0.000001 0.000000 0.000000 0.000001 0.000001 0.000001 0.000000 0.000001 0.000001 0.000000 0.000002 0.000001 0.000001 0.000001 0.000000 0.000001 0.000001 0.000000 0.000001 0.000002 0.000000 0.000000 0.000000 0.000001 0.000000 0.000000 0.000001 0.000001 0.000001
0.000000 0.000000 0.000001 0.000000 0.000000 0.000000 0.000251 0.000429 0.002539 0.006764 0.010806 0.014032 0.011776 0.010881 0.006433 0.002301 0.000158 -0.000002 0.000001 -0.000001 0.000000 -0.000001 0.000000 0.000000 0.000000 0.000001 0.000000 0.000000 0.000001 0.000001 0.000000 0.000000 0.000000 0.000000 0.000000 0.000001 0.000000 0.000001 0.000001 0.000000 0.000000 0.000001 0.000001 0.000001 0.000000 0.000001 -0.000001 0.000000 -0.000001 0.000000 0.000000 0.000000 0.000000 0.000001 0.000000 0.000002 0.000000 0.000000 0.000001 0.000000 0.000001 0.000001
