data/heightmaps/heightmap_0000.asc
ncols         256
nrows         256
xllcorner     -5.000000
yllcorner     -5.000000
cellsize      0.039062
NODATA_value  -9999
[rows 224 to 251 of 256, columns 186 to 247 of 256]
0.020245 0.030724 0.034059 0.036518 0.032783 0.034578 0.055419 0.064587 0.089981 0.098231 0.102754 0.099777 0.096727 0.104181 0.104877 0.107102 0.096006 0.093943 0.106894 0.116663 0.129937 0.154665 0.155316 0.160453 0.159696 0.133725 0.115541 0.096435 0.079263 0.060610 0.040661 0.037775 0.036923 0.037123 0.027093 0.014840 0.007678 0.004009 0.000961 0.000000 0.000001 0.000001 0.000000 0.000000 0.000000 -0.000001 0.000000 0.000001 -0.000001 0.000360 0.000926 0.000842 0.000442 0.000145 0.000423 0.001747 0.001232 0.000301 0.000012 0.000000 0.000000 0.000000
0.034312 0.036619 0.037127 0.048028 0.049883 0.054065 0.072098 0.091374 0.105595 0.114591 0.127741 0.128586 0.110541 0.109808 0.112432 0.114182 0.104224 0.095888 0.102952 0.106783 0.119254 0.130426 0.128808 0.140218 0.133319 0.106302 0.088262 0.074438 0.055504 0.049643 0.035907 0.026690 0.026948 0.027078 0.017714 0.009856 0.006248 0.004951 0.002102 0.001329 0.000882 0.000218 0.000000 -0.000002 0.000000 0.000042 0.000031 0.000003 0.000004 0.000420 0.000704 0.000508 0.000505 0.000246 0.000123 0.000625 0.000508 0.000008 -0.000001 0.000000 0.000000 -0.000001
0.052195 0.060205 0.059070 0.066113 0.069311 0.071060 0.100665 0.115623 0.132421 0.137658 0.139728 0.141710 0.131232 0.134040 0.141726 0.133619 0.115390 0.102004 0.104968 0.100508 0.101238 0.098065 0.107135 0.113585 0.102574 0.086830 0.073030 0.063137 0.044304 0.040277 0.029140 0.017539 0.017569 0.014636 0.009810 0.006800 0.008156 0.009249 0.006013 0.004379 0.002398 0.000519 0.000001 0.000001 0.000001 0.000027 0.000001 0.000002 0.000042 0.000865 0.001351 0.000752 0.000239 0.000021 0.000202 0.000616 0.000512 0.000637 0.001065 0.000983 0.000001 0.000001
0.066359 0.082041 0.082183 0.081195 0.080732 0.088768 0.126518 0.147150 0.168970 0.181011 0.165244 0.143104 0.136502 0.159193 0.162562 0.153974 0.126660 0.108962 0.106446 0.096210 0.090285 0.096891 0.097732 0.096052 0.091258 0.082140 0.068845 0.057066 0.039524 0.032867 0.024108 0.014382 0.012602 0.007563 0.006406 0.007748 0.011345 0.011715 0.010484 0.010306 0.005337 0.001260 0.000222 0.000002 0.000000 0.000000 0.000000 0.000000 0.000592 0.001433 0.001518 0.000910 0.000247 0.000162 0.000336 0.000671 0.001924 0.004057 0.004693 0.001257 0.000215 0.000000
0.075007 0.085492 0.087516 0.102526 0.113420 0.123138 0.152956 0.185448 0.190420 0.205060 0.184792 0.157849 0.142601 0.159218 0.168591 0.161306 0.137490 0.124294 0.114088 0.098786 0.088789 0.100098 0.091318 0.089046 0.092539 0.081672 0.069650 0.057200 0.037179 0.030601 0.020356 0.011393 0.007881 0.004964 0.006611 0.009668 0.014753 0.015128 0.014653 0.014647 0.008566 0.002852 0.000327 0.000001 0.000000 0.000000 0.000001 0.000001 0.000411 0.000747 0.001891 0.001345 0.001281 0.002087 0.001873 0.003079 0.004959 0.007070 0.005152 0.002511 0.000567 0.000000
0.089050 0.096165 0.098104 0.115908 0.141538 0.155492 0.170265 0.203623 0.205949 0.222670 0.218798 0.194255 0.157645 0.143095 0.144153 0.148742 0.141527 0.130161 0.099324 0.089136 0.091908 0.094017 0.082525 0.083833 0.077057 0.068119 0.059719 0.046498 0.033709 0.027762 0.017593 0.008832 0.006101 0.008605 0.009289 0.012549 0.020608 0.022464 0.022306 0.017269 0.009078 0.005346 0.003087 0.000795 0.000044 0.000000 0.000001 0.000000 0.000000 0.000325 0.001620 0.003611 0.004401 0.002563 0.003545 0.004655 0.005079 0.005746 0.005080 0.003451 0.001069 0.000000
0.114457 0.131736 0.120126 0.130226 0.153139 0.172832 0.182345 0.205060 0.229873 0.245389 0.255542 0.221382 0.174230 0.142668 0.138027 0.130113 0.134793 0.124239 0.099842 0.088537 0.088458 0.088376 0.071220 0.068563 0.063929 0.057792 0.051365 0.038560 0.033216 0.025634 0.017612 0.009724 0.010381 0.013222 0.013869 0.018090 0.022833 0.024982 0.027925 0.018191 0.009438 0.007668 0.007114 0.004128 0.000806 0.000001 0.000001 0.000001 0.000001 0.000031 0.002641 0.006994 0.004782 0.002408 0.002917 0.004189 0.004656 0.004063 0.004481 0.002728 0.001001 0.000678
0.146335 0.179271 0.163898 0.166368 0.172550 0.181768 0.202356 0.214009 0.242298 0.261936 0.275298 0.242435 0.186429 0.158339 0.147945 0.131206 0.131078 0.114433 0.089876 0.084074 0.084613 0.083321 0.063416 0.057286 0.054811 0.049413 0.046906 0.043022 0.033625 0.026895 0.018661 0.012897 0.014995 0.018164 0.020226 0.023086 0.022191 0.022041 0.021927 0.013298 0.009968 0.009095 0.009951 0.005852 0.002156 0.000543 0.000223 0.000283 0.000154 0.000400 0.002700 0.003648 0.001661 0.000396 0.001498 0.003036 0.003181 0.004086 0.004362 0.003701 0.003291 0.001695
0.191006 0.201833 0.206562 0.215503 0.223581 0.233555 0.258014 0.271083 0.270584 0.269936 0.274755 0.251747 0.194867 0.176731 0.163398 0.150253 0.135962 0.109350 0.085787 0.080405 0.077834 0.076128 0.055865 0.052936 0.047987 0.049414 0.048107 0.038460 0.030548 0.030302 0.020989 0.017135 0.018674 0.021124 0.021867 0.021909 0.018418 0.018781 0.013155 0.007241 0.005697 0.006764 0.008351 0.006028 0.002163 0.000635 0.000784 0.000543 0.000607 0.000877 0.000714 0.000433 0.000112 0.000021 0.000450 0.001670 0.002721 0.004025 0.004908 0.005341 0.005716 0.004676
0.213537 0.232248 0.243686 0.282253 0.289710 0.293485 0.304689 0.329062 0.316896 0.299623 0.287898 0.263203 0.202672 0.185480 0.174611 0.166483 0.141779 0.109634 0.090541 0.082121 0.077480 0.073028 0.051662 0.050143 0.046947 0.053124 0.055647 0.042800 0.033683 0.025342 0.017471 0.020128 0.021567 0.023715 0.025004 0.020455 0.016657 0.018166 0.012199 0.007071 0.003712 0.004147 0.005523 0.004230 0.001329 0.002222 0.003129 0.002740 0.002784 0.001460 0.000126 -0.000001 0.000000 0.000000 0.000050 0.000924 0.002053 0.004185 0.005324 0.006687 0.008147 0.006267
0.228898 0.264195 0.273279 0.330952 0.348069 0.349648 0.345522 0.348379 0.337704 0.320440 0.305166 0.274937 0.217676 0.215226 0.207264 0.184117 0.151324 0.115249 0.099950 0.081080 0.076011 0.069494 0.060965 0.053541 0.047252 0.048290 0.051064 0.041493 0.029237 0.021045 0.021255 0.023907 0.019717 0.022638 0.025197 0.024765 0.022264 0.016810 0.012266 0.008133 0.004008 0.002715 0.003220 0.002082 0.001837 0.003716 0.004002 0.003265 0.002888 0.001520 0.000778 0.000001 0.000001 0.000001 0.000000 0.001983 0.004738 0.004792 0.007941 0.010550 0.011413 0.013765
0.245578 0.298532 0.302142 0.348773 0.352297 0.362871 0.381371 0.363378 0.363532 0.344826 0.335640 0.302978 0.243345 0.257744 0.239157 0.192576 0.147911 0.108852 0.097651 0.077688 0.069562 0.062329 0.059298 0.050301 0.043924 0.043665 0.043363 0.040447 0.032166 0.027642 0.029515 0.025305 0.018270 0.018053 0.022608 0.030291 0.022940 0.013263 0.014692 0.011617 0.005301 0.002884 0.002042 0.002114 0.002747 0.003175 0.003140 0.004215 0.004393 0.004065 0.002049 0.000540 0.000076 0.000001 0.000220 0.003675 0.004701 0.005497 0.008576 0.011802 0.018964 0.026403
0.267074 0.314894 0.329150 0.335773 0.358874 0.363329 0.410527 0.375894 0.372685 0.367522 0.341460 0.316618 0.286988 0.275015 0.243564 0.191120 0.136581 0.111170 0.096882 0.078956 0.065028 0.058876 0.053682 0.048768 0.042696 0.042133 0.036540 0.035998 0.031321 0.031025 0.029952 0.026361 0.019286 0.013675 0.018317 0.023085 0.015492 0.009321 0.011881 0.008821 0.005830 0.004544 0.002260 0.001757 0.001863 0.003522 0.005316 0.005845 0.004470 0.003714 0.002418 0.001128 0.000328 0.000001 0.000449 0.002835 0.004464 0.005112 0.009488 0.016572 0.029140 0.038192
0.274296 0.326499 0.340634 0.356664 0.373162 0.393398 0.411779 0.385248 0.379649 0.359428 0.327736 0.306907 0.314468 0.285970 0.248541 0.190954 0.145535 0.121665 0.091913 0.073486 0.062947 0.056978 0.054266 0.045593 0.037730 0.036845 0.029755 0.030242 0.027425 0.029605 0.026538 0.025646 0.020149 0.015598 0.014995 0.014839 0.010972 0.005131 0.005539 0.004199 0.006803 0.006928 0.003250 0.000973 0.001402 0.004794 0.006650 0.006382 0.004376 0.003633 0.002091 0.000654 0.000016 0.000020 0.000314 0.001549 0.002460 0.005290 0.010241 0.021769 0.038902 0.043044
0.278388 0.357623 0.363454 0.377012 0.387837 0.410495 0.425549 0.415678 0.397123 0.368883 0.322705 0.319706 0.314689 0.301455 0.259103 0.193439 0.158338 0.129667 0.090325 0.068894 0.056767 0.051030 0.048758 0.035322 0.033990 0.031600 0.028544 0.030587 0.025515 0.030661 0.025266 0.019526 0.016016 0.014897 0.012755 0.012621 0.008761 0.003464 0.002149 0.001556 0.007454 0.009562 0.005933 0.002552 0.001920 0.004131 0.006301 0.006499 0.005061 0.003056 0.001001 0.000005 0.000023 0.000006 0.000115 0.000373 0.001887 0.003523 0.009295 0.023905 0.033148 0.036074
0.283838 0.376524 0.394346 0.392141 0.392871 0.411193 0.459460 0.449121 0.427581 0.392980 0.348769 0.354530 0.333637 0.313164 0.261213 0.201184 0.160733 0.126384 0.092124 0.071803 0.056935 0.045465 0.039717 0.029520 0.029429 0.028930 0.027389 0.028177 0.024012 0.030137 0.023738 0.014350 0.010874 0.011187 0.010674 0.009187 0.005551 0.004017 0.001752 0.001349 0.006872 0.010070 0.006801 0.003897 0.004189 0.006097 0.008064 0.007070 0.003798 0.001859 0.000442 0.000081 0.000006 0.000015 0.000307 0.001315 0.002653 0.006598 0.014825 0.023531 0.031029 0.032707
0.290602 0.358125 0.386275 0.371552 0.382160 0.424750 0.463941 0.455674 0.444050 0.403091 0.367848 0.373737 0.352365 0.311500 0.274220 0.215953 0.165409 0.124211 0.101483 0.081996 0.066566 0.045531 0.033396 0.026588 0.029929 0.035030 0.031413 0.029617 0.023133 0.023991 0.018570 0.012003 0.014277 0.015089 0.013952 0.006603 0.004605 0.004577 0.002779 0.002971 0.006460 0.008476 0.005733 0.005450 0.006212 0.006628 0.006539 0.003633 0.001962 0.000859 0.000099 0.000001 0.000000 0.000067 0.000945 0.003845 0.008780 0.011621 0.015657 0.021322 0.027253 0.028799
0.269787 0.295258 0.347231 0.352510 0.367033 0.399306 0.426760 0.440251 0.423092 0.404063 0.372995 0.351279 0.350286 0.324327 0.278370 0.217317 0.174293 0.134938 0.122041 0.099161 0.081359 0.052473 0.039127 0.033940 0.039840 0.043900 0.047645 0.043263 0.028110 0.021947 0.017277 0.021147 0.028899 0.031221 0.024485 0.011693 0.007954 0.005693 0.005127 0.005144 0.004354 0.004517 0.003467 0.003587 0.003666 0.003383 0.002741 0.001657 0.001715 0.000989 0.000649 0.000593 0.000350 0.001172 0.004090 0.012136 0.016119 0.013280 0.015112 0.017290 0.019650 0.030799
0.230597 0.251303 0.300586 0.338464 0.352673 0.380244 0.394477 0.416823 0.391810 0.385013 0.370546 0.338188 0.352822 0.325712 0.275700 0.223062 0.189143 0.159959 0.150646 0.120417 0.093702 0.067899 0.058551 0.047525 0.041622 0.045952 0.054399 0.055609 0.037650 0.030000 0.030608 0.044388 0.052569 0.053711 0.034777 0.019115 0.015311 0.010971 0.009729 0.005044 0.002647 0.001900 0.001698 0.001777 0.001936 0.001430 0.001425 0.002196 0.002707 0.002149 0.002403 0.002501 0.003356 0.004582 0.010259 0.018470 0.018512 0.014935 0.013001 0.012668 0.017550 0.022210
0.209540 0.228168 0.277900 0.318271 0.343410 0.364728 0.374023 0.392707 0.363808 0.340652 0.347809 0.341510 0.336197 0.325420 0.293310 0.246030 0.222652 0.205741 0.174564 0.139557 0.110666 0.096979 0.077172 0.056901 0.049012 0.052591 0.054338 0.061052 0.051710 0.047353 0.049071 0.068871 0.077491 0.075045 0.045982 0.028182 0.021814 0.017801 0.013962 0.007024 0.002962 0.001698 0.002179 0.003171 0.001637 0.000548 0.001748 0.003158 0.002913 0.002445 0.003212 0.006830 0.008017 0.009454 0.014792 0.019445 0.017093 0.014005 0.012224 0.010626 0.011086 0.019601
0.221020 0.248651 0.285763 0.326654 0.350593 0.368533 0.374078 0.371396 0.346878 0.325632 0.324291 0.337966 0.333427 0.326391 0.289446 0.261715 0.257809 0.229743 0.191152 0.177009 0.161493 0.136794 0.097839 0.074513 0.064813 0.061009 0.062791 0.068814 0.070089 0.066258 0.070456 0.092967 0.097638 0.091625 0.066402 0.049981 0.040892 0.032183 0.022818 0.010319 0.004822 0.003387 0.003218 0.003601 0.001197 0.000352 0.001897 0.002805 0.001708 0.001679 0.003621 0.007700 0.007352 0.012116 0.018686 0.017832 0.014064 0.014944 0.013277 0.014722 0.017108 0.021288
0.237542 0.280108 0.304166 0.345544 0.378933 0.385495 0.377325 0.361447 0.341777 0.346167 0.330424 0.328833 0.338528 0.313327 0.271255 0.259518 0.268394 0.234058 0.220910 0.222092 0.216466 0.177001 0.126902 0.094112 0.074675 0.063456 0.064466 0.073953 0.083296 0.081327 0.092749 0.108268 0.112409 0.103670 0.089382 0.076457 0.066638 0.051420 0.035037 0.023474 0.014824 0.009827 0.008546 0.005733 0.002114 0.000770 0.001718 0.002781 0.001527 0.001343 0.002284 0.003750 0.006301 0.014203 0.020047 0.015992 0.015772 0.017491 0.023182 0.023082 0.023784 0.025431
0.253016 0.285789 0.314868 0.353587 0.388650 0.394918 0.375010 0.355429 0.364443 0.380920 0.367343 0.333841 0.339557 0.305986 0.265903 0.252794 0.259561 0.242327 0.241467 0.243420 0.229614 0.194658 0.152658 0.112567 0.087206 0.069311 0.068336 0.079825 0.091910 0.094094 0.098878 0.104806 0.120544 0.113645 0.103886 0.092514 0.078465 0.056270 0.042965 0.036049 0.024970 0.024583 0.019224 0.011927 0.005737 0.001910 0.002810 0.003828 0.003057 0.001796 0.001536 0.003918 0.008402 0.017589 0.020826 0.019450 0.021835 0.029176 0.031218 0.034225 0.033255 0.042599
0.243756 0.286051 0.310255 0.350035 0.364811 0.390257 0.367932 0.356360 0.382679 0.397433 0.385849 0.354779 0.359213 0.309080 0.270406 0.253693 0.256253 0.241688 0.245006 0.247376 0.212818 0.188331 0.158764 0.130200 0.098661 0.082118 0.077946 0.089548 0.099565 0.104274 0.098180 0.100250 0.118635 0.114494 0.112332 0.096202 0.074420 0.051566 0.048166 0.042155 0.039267 0.035159 0.024546 0.017114 0.006338 0.003325 0.004807 0.007800 0.008245 0.006624 0.006078 0.009406 0.018007 0.027452 0.028426 0.028043 0.031724 0.038126 0.044739 0.044965 0.049455 0.057250
0.234788 0.280016 0.297793 0.330687 0.346155 0.370745 0.361247 0.347087 0.382125 0.389004 0.382051 0.380113 0.377385 0.312576 0.284353 0.272266 0.267172 0.251077 0.247519 0.247615 0.211215 0.182865 0.161417 0.145169 0.104360 0.095701 0.090730 0.102315 0.107199 0.106497 0.101256 0.099009 0.106037 0.105245 0.109569 0.091664 0.073663 0.060055 0.052828 0.049644 0.050002 0.040668 0.031618 0.017408 0.007163 0.003789 0.007492 0.012083 0.014927 0.013605 0.012353 0.018166 0.028110 0.037196 0.035664 0.033375 0.040651 0.049925 0.055088 0.049507 0.051621 0.050425
0.236820 0.269403 0.295815 0.312684 0.333152 0.341108 0.344078 0.342922 0.367672 0.374303 0.371674 0.368235 0.357587 0.306874 0.288056 0.286253 0.279693 0.279739 0.260249 0.248578 0.212186 0.177738 0.169210 0.150299 0.120234 0.118984 0.108946 0.111740 0.119827 0.113078 0.103668 0.104818 0.107873 0.109272 0.107479 0.093499 0.085306 0.075450 0.062387 0.062644 0.062272 0.050930 0.037559 0.020924 0.010107 0.006824 0.010140 0.016801 0.020189 0.016382 0.015753 0.017998 0.028113 0.035635 0.040615 0.043026 0.046346 0.057931 0.060317 0.054463 0.049335 0.055795
0.235901 0.260836 0.286929 0.298783 0.322526 0.337541 0.331306 0.346639 0.348413 0.358945 0.355225 0.338548 0.319511 0.287579 0.273987 0.287763 0.298275 0.296173 0.274872 0.232391 0.199566 0.172931 0.161671 0.149960 0.148870 0.146768 0.137675 0.128495 0.127839 0.119247 0.098265 0.113746 0.117319 0.118369 0.107794 0.100848 0.097081 0.096588 0.083676 0.078177 0.074209 0.059851 0.043709 0.028270 0.018584 0.013780 0.018120 0.025857 0.026037 0.018998 0.014681 0.016195 0.019442 0.031592 0.039631 0.040746 0.049469 0.064480 0.068025 0.063298 0.053905 0.056753
0.221620 0.249145 0.268497 0.296693 0.332883 0.362201 0.347735 0.342100 0.343276 0.349688 0.340612 0.334126 0.311316 0.301593 0.287856 0.292412 0.301265 0.281837 0.263437 0.228626 0.203101 0.174984 0.162123 0.164298 0.181548 0.172118 0.169036 0.152995 0.137934 0.122546 0.109462 0.122422 0.126234 0.132381 0.132434 0.116092 0.114100 0.105115 0.092340 0.087954 0.077892 0.065613 0.051462 0.037696 0.025743 0.018978 0.023641 0.027598 0.026040 0.021195 0.015653 0.014631 0.017589 0.025129 0.032845 0.040368 0.052870 0.068197 0.078853 0.066744 0.063849 0.060019
