data/heightmaps/heightmap_0000.asc
ncols         256
nrows         256
xllcorner     -5.000000
yllcorner     -5.000000
cellsize      0.039062
NODATA_value  -9999
[rows 56 to 83 of 256, columns 124 to 185 of 256]
-0.000001 0.000015 0.002451 0.008494 0.016543 0.023894 0.027453 0.027498 0.027590 0.028722 0.026604 0.022141 0.015841 0.009433 0.012316 0.023161 0.033093 0.036051 0.041544 0.046661 0.049953 0.052309 0.056516 0.052201 0.039689 0.037290 0.046259 0.063128 0.087275 0.117903 0.133892 0.133882 0.138761 0.146973 0.167693 0.173696 0.172970 0.174689 0.169267 0.171885 0.180936 0.203311 0.227646 0.247044 0.253547 0.268145 0.281527 0.279753 0.272025 0.267302 0.267081 0.266673 0.247994 0.204933 0.192322 0.187504 0.182995 0.179058 0.161550 0.161907 0.158635 0.155147
0.000001 0.000203 0.001898 0.006629 0.011452 0.013959 0.017566 0.021868 0.023533 0.023461 0.019412 0.014914 0.010108 0.004947 0.005676 0.011152 0.017503 0.023516 0.032476 0.035848 0.039175 0.045596 0.048950 0.048327 0.044470 0.042480 0.044969 0.055488 0.077829 0.100706 0.108336 0.104483 0.117366 0.140307 0.163212 0.161713 0.163121 0.164403 0.178830 0.180573 0.194180 0.227127 0.263915 0.275126 0.257028 0.247770 0.269556 0.283071 0.287295 0.287367 0.270021 0.244786 0.227156 0.214157 0.201031 0.184388 0.170214 0.152838 0.141737 0.147060 0.154438 0.158568
0.000000 0.000307 0.001788 0.006030 0.010137 0.012331 0.014086 0.013010 0.013802 0.014938 0.012301 0.010937 0.008773 0.006064 0.006834 0.011490 0.014474 0.016651 0.021749 0.025587 0.035112 0.047489 0.050591 0.048105 0.047039 0.044692 0.043358 0.050424 0.073723 0.092829 0.103732 0.105838 0.108100 0.127793 0.149311 0.145992 0.138820 0.157146 0.164104 0.168492 0.190598 0.232729 0.245722 0.252783 0.250177 0.261938 0.272286 0.285084 0.310240 0.312179 0.276484 0.230602 0.222680 0.197285 0.173297 0.155954 0.154411 0.149389 0.136242 0.139989 0.150686 0.146456
0.000002 0.000315 0.001513 0.003318 0.004939 0.006168 0.006160 0.005489 0.006012 0.007833 0.009814 0.010242 0.008112 0.005840 0.005420 0.005657 0.007916 0.014553 0.024280 0.030916 0.034155 0.040786 0.046493 0.048767 0.052357 0.046945 0.043519 0.054514 0.068830 0.082421 0.100812 0.111221 0.113680 0.122458 0.136126 0.134569 0.133698 0.142773 0.151753 0.153482 0.182655 0.226361 0.248410 0.252793 0.261861 0.263053 0.283970 0.297871 0.296561 0.277581 0.243547 0.216904 0.189532 0.171863 0.165833 0.167912 0.158224 0.146335 0.131013 0.133285 0.134299 0.123898
0.000021 0.000010 0.000343 0.000483 0.001104 0.002846 0.004520 0.005122 0.005336 0.006478 0.007610 0.007178 0.007411 0.007977 0.005953 0.004544 0.005787 0.009253 0.016311 0.025951 0.034004 0.037506 0.041015 0.044129 0.052154 0.052758 0.048604 0.059537 0.074989 0.088999 0.105870 0.116855 0.118836 0.125762 0.130781 0.142260 0.137976 0.141514 0.152028 0.158421 0.167452 0.192000 0.207876 0.227619 0.252452 0.275750 0.304417 0.304153 0.295089 0.250144 0.242458 0.219325 0.203906 0.173594 0.162220 0.159156 0.143531 0.139071 0.154881 0.145381 0.135613 0.121092
0.000218 0.000737 0.001023 0.000736 0.000537 0.002178 0.003739 0.003375 0.003331 0.006094 0.009190 0.008009 0.008905 0.010168 0.006021 0.004145 0.004896 0.009387 0.017744 0.025952 0.035752 0.040922 0.039487 0.038284 0.044276 0.048060 0.050762 0.067747 0.089293 0.099125 0.108243 0.124095 0.129985 0.131425 0.131186 0.134989 0.127001 0.135411 0.156398 0.165048 0.162307 0.169466 0.185317 0.218437 0.258589 0.300311 0.315006 0.291784 0.270418 0.232849 0.214905 0.201463 0.207194 0.203335 0.165397 0.147079 0.137897 0.133987 0.158383 0.154427 0.137505 0.117847
0.000823 0.002548 0.004101 0.002614 0.000793 0.000967 0.001343 0.001540 0.002296 0.004260 0.007067 0.008818 0.008929 0.006669 0.004616 0.004254 0.005191 0.011012 0.020792 0.033449 0.039072 0.038526 0.038763 0.038369 0.047288 0.054875 0.061761 0.073795 0.089318 0.100717 0.107270 0.118130 0.131473 0.139122 0.138371 0.124536 0.111399 0.112155 0.137288 0.151094 0.165288 0.176992 0.194054 0.224122 0.266359 0.297732 0.303058 0.277444 0.258144 0.226703 0.202470 0.181570 0.180954 0.186081 0.169877 0.138615 0.118279 0.130149 0.136257 0.142097 0.132503 0.113386
0.000575 0.001396 0.002629 0.003896 0.003015 0.001262 0.000903 0.000986 0.000981 0.001534 0.003971 0.006083 0.006003 0.004790 0.004162 0.003328 0.003489 0.008257 0.017082 0.029173 0.033463 0.026746 0.025150 0.030704 0.042512 0.050170 0.056188 0.069261 0.084983 0.098567 0.112578 0.122414 0.130493 0.124890 0.120754 0.112560 0.092528 0.098121 0.131974 0.152243 0.161285 0.180931 0.203720 0.225762 0.260413 0.301159 0.299829 0.269696 0.234585 0.208040 0.177853 0.174861 0.152262 0.151336 0.132439 0.124590 0.116021 0.117623 0.122992 0.123559 0.111920 0.102009
0.000273 0.000989 0.002706 0.004509 0.004442 0.002405 0.000514 0.000057 0.000628 0.001447 0.001974 0.001768 0.001892 0.003619 0.004236 0.004604 0.006282 0.011619 0.019131 0.025702 0.031132 0.030170 0.028534 0.029027 0.037131 0.041158 0.046696 0.056831 0.073730 0.090354 0.107065 0.112965 0.107251 0.101539 0.104842 0.110134 0.099991 0.105770 0.128883 0.138391 0.152483 0.184772 0.216050 0.241530 0.265918 0.283791 0.276148 0.264226 0.225823 0.181916 0.175143 0.156402 0.143979 0.136653 0.119262 0.112509 0.106019 0.105216 0.099073 0.109673 0.096200 0.070424
0.000242 0.000353 0.001844 0.003523 0.003506 0.001771 0.000043 0.000001 0.000389 0.001143 0.001199 0.000947 0.001659 0.002949 0.003477 0.005042 0.010374 0.015648 0.018323 0.020770 0.029201 0.033492 0.029380 0.031461 0.036572 0.040202 0.040936 0.044797 0.056688 0.071629 0.092641 0.102189 0.097433 0.096970 0.100468 0.103433 0.090431 0.101641 0.112340 0.133982 0.160852 0.200359 0.230220 0.266146 0.285717 0.283343 0.276434 0.254940 0.215582 0.182461 0.159720 0.144657 0.133759 0.110670 0.103961 0.092260 0.084801 0.085347 0.081956 0.087258 0.072856 0.061741
0.000085 0.000463 0.001307 0.001855 0.001858 0.000937 0.000054 -0.000001 0.001078 0.002252 0.001261 0.000370 0.000896 0.002642 0.004865 0.006838 0.014455 0.025503 0.027779 0.027890 0.034795 0.038024 0.037611 0.038095 0.035570 0.037668 0.042349 0.047657 0.052161 0.064182 0.086586 0.098988 0.105178 0.109892 0.108503 0.109468 0.096437 0.100099 0.114674 0.137345 0.166374 0.211318 0.241597 0.273498 0.289470 0.286821 0.273267 0.241415 0.189454 0.166572 0.143060 0.121767 0.102689 0.089059 0.079243 0.069655 0.061301 0.061927 0.063133 0.074998 0.057916 0.050476
0.000978 0.000671 0.001088 0.001462 0.001122 0.000505 0.000273 0.000436 0.000782 0.001662 0.001606 0.000406 0.001137 0.005034 0.010115 0.013969 0.022470 0.030403 0.031865 0.031878 0.033338 0.041388 0.047291 0.042687 0.037200 0.041760 0.046597 0.051835 0.061378 0.074557 0.095688 0.108008 0.109717 0.111735 0.111026 0.096181 0.090843 0.102787 0.120199 0.141571 0.167117 0.201644 0.235125 0.260390 0.275464 0.272100 0.259994 0.227414 0.188909 0.157193 0.131982 0.119580 0.093356 0.078630 0.071649 0.057240 0.055198 0.049119 0.060041 0.056622 0.049811 0.045999
0.001241 0.000659 0.000282 0.000050 0.000029 0.000010 0.000510 0.000853 0.001589 0.003429 0.002756 0.001056 0.001140 0.002652 0.005278 0.013262 0.027979 0.034158 0.033524 0.033755 0.035101 0.044256 0.049081 0.047368 0.045217 0.047560 0.053929 0.062192 0.081557 0.094269 0.104322 0.111652 0.114381 0.111908 0.110733 0.097970 0.087122 0.091805 0.108446 0.134629 0.162229 0.194354 0.220550 0.238260 0.240405 0.240820 0.234419 0.215440 0.179867 0.147560 0.148906 0.123768 0.099376 0.071615 0.062711 0.058628 0.044931 0.048060 0.046813 0.045793 0.051557 0.052465
0.001047 0.000335 0.000124 0.000011 0.000017 0.000193 0.000879 0.001536 0.002018 0.002439 0.003675 0.004445 0.002747 0.003194 0.006836 0.014674 0.026622 0.034396 0.033476 0.033149 0.037404 0.050866 0.062540 0.067652 0.063980 0.063946 0.074475 0.087360 0.101531 0.106181 0.113520 0.114086 0.112662 0.106338 0.099802 0.090766 0.088715 0.088588 0.108119 0.127569 0.142878 0.167715 0.193333 0.193810 0.215770 0.218993 0.220422 0.208616 0.160515 0.135849 0.141363 0.127353 0.089367 0.068390 0.055810 0.049989 0.045937 0.048165 0.052675 0.054553 0.050593 0.057256
0.001333 0.000741 0.000340 0.000065 0.000031 0.000095 0.000714 0.001220 0.000857 0.001075 0.003063 0.003772 0.002812 0.005867 0.012115 0.019131 0.029620 0.035356 0.038061 0.044581 0.051365 0.063920 0.075978 0.079423 0.074270 0.080865 0.095500 0.110273 0.110003 0.117146 0.111327 0.105510 0.104195 0.107142 0.092379 0.085792 0.095699 0.108386 0.118540 0.135182 0.141778 0.156436 0.185830 0.194195 0.202863 0.208843 0.201469 0.181370 0.150677 0.132012 0.117475 0.104541 0.084473 0.062625 0.061381 0.044618 0.041047 0.050014 0.057649 0.046175 0.044503 0.050832
0.000704 0.001299 0.001515 0.001200 0.000862 0.000343 0.000313 0.000070 0.000024 0.000154 0.001009 0.001898 0.003236 0.008444 0.015236 0.022773 0.031735 0.035830 0.041130 0.048351 0.058100 0.073980 0.086227 0.089134 0.089414 0.092131 0.109901 0.119465 0.117365 0.123726 0.124672 0.110744 0.104017 0.100034 0.092521 0.083653 0.101677 0.123364 0.132449 0.140454 0.148612 0.163542 0.179077 0.188398 0.202461 0.198400 0.179067 0.157141 0.137412 0.121059 0.117019 0.097427 0.076711 0.060599 0.055323 0.045142 0.040123 0.043773 0.048140 0.039742 0.031902 0.037090
0.000675 0.001297 0.002320 0.002160 0.000966 0.000716 0.000321 0.000002 0.000001 0.000143 0.001174 0.003284 0.005457 0.009593 0.018181 0.028172 0.035598 0.038431 0.040971 0.046009 0.055077 0.071258 0.083473 0.091393 0.089458 0.093491 0.107066 0.113954 0.129332 0.130662 0.128297 0.126927 0.116549 0.107683 0.106964 0.106246 0.117340 0.123278 0.130833 0.135530 0.147692 0.159545 0.170901 0.187309 0.204914 0.187247 0.164865 0.140850 0.126576 0.113718 0.113819 0.109202 0.078477 0.059786 0.044077 0.035515 0.032295 0.033412 0.039937 0.026528 0.020555 0.023341
0.000396 0.001432 0.002444 0.001848 0.001226 0.001836 0.002214 0.001031 0.000265 0.000715 0.002034 0.005497 0.008774 0.011836 0.023563 0.038978 0.041572 0.041933 0.040686 0.040864 0.053426 0.070721 0.089724 0.100396 0.092620 0.092582 0.112808 0.130779 0.146592 0.140599 0.138371 0.141488 0.133723 0.122697 0.116546 0.118760 0.110575 0.118024 0.125536 0.124935 0.130883 0.151368 0.173213 0.185952 0.196942 0.194963 0.162500 0.141519 0.111341 0.106740 0.118192 0.091838 0.063747 0.047584 0.038343 0.031971 0.021972 0.015527 0.013600 0.006045 0.006542 0.009220
0.002117 0.002962 0.002556 0.001731 0.001287 0.001416 0.001748 0.001641 0.002245 0.003827 0.004092 0.004489 0.007585 0.011761 0.021964 0.037862 0.051526 0.049020 0.040986 0.044887 0.053106 0.070838 0.093943 0.097736 0.094971 0.107677 0.111314 0.119864 0.144753 0.156094 0.170611 0.164378 0.149737 0.121184 0.117668 0.107052 0.101035 0.100756 0.104786 0.111425 0.124542 0.134001 0.144108 0.166956 0.180120 0.155161 0.143515 0.133862 0.121892 0.109190 0.097888 0.076080 0.058532 0.036033 0.022850 0.018572 0.014169 0.009219 0.003316 0.000751 0.001217 0.001247
0.003202 0.002645 0.002248 0.001410 0.000193 0.000444 0.000871 0.001608 0.002666 0.004216 0.005641 0.005003 0.004949 0.007940 0.016208 0.027024 0.034415 0.038894 0.041336 0.045259 0.057014 0.075462 0.092281 0.102313 0.104827 0.105845 0.110336 0.122521 0.141952 0.152308 0.172821 0.168748 0.146971 0.134796 0.130641 0.121655 0.108946 0.099000 0.093616 0.105343 0.111758 0.114282 0.133067 0.144376 0.152655 0.137735 0.126468 0.113831 0.096381 0.088685 0.077834 0.065516 0.041304 0.022421 0.009464 0.006522 0.004486 0.002145 0.000149 0.000116 0.000065 0.000079
0.000329 0.000287 0.000408 0.000154 0.000007 0.000075 0.000103 0.000369 0.000842 0.002569 0.005185 0.007664 0.008261 0.008845 0.012876 0.020463 0.029484 0.034543 0.041502 0.048651 0.054945 0.065840 0.081409 0.087168 0.087837 0.093083 0.099642 0.120699 0.138490 0.151908 0.156121 0.150172 0.131726 0.131083 0.138583 0.132830 0.114698 0.104540 0.099324 0.104328 0.114244 0.119641 0.134185 0.145864 0.134266 0.121305 0.116005 0.104166 0.087167 0.070252 0.058522 0.041863 0.021937 0.007548 0.002346 0.000758 0.000212 0.000037 0.000008 0.000002 -0.000001 0.000000
0.000010 0.000011 0.000030 0.000001 0.000001 0.000002 0.000000 0.000034 0.000119 0.000816 0.002434 0.004370 0.007009 0.010810 0.015521 0.021777 0.025764 0.029892 0.033144 0.036957 0.047386 0.061303 0.064487 0.061288 0.067185 0.074549 0.088477 0.104480 0.135362 0.145382 0.145450 0.130772 0.116963 0.127911 0.140636 0.141292 0.135778 0.128819 0.117987 0.125473 0.131881 0.126244 0.133213 0.122778 0.109477 0.102842 0.104518 0.080263 0.068922 0.055893 0.042221 0.021454 0.007001 0.000846 0.000043 0.000003 0.000001 0.000000 0.000001 0.000000 0.000001 0.000000
0.000000 0.000000 0.000001 0.000000 0.000001 0.000001 -0.000002 0.000000 -0.000001 0.000134 0.000522 0.001897 0.005638 0.013042 0.019128 0.020380 0.025969 0.022255 0.018974 0.022573 0.031357 0.045207 0.048934 0.050023 0.044761 0.052646 0.062894 0.083694 0.107743 0.119777 0.128785 0.120254 0.120293 0.131529 0.149665 0.163399 0.154525 0.145287 0.111447 0.113018 0.132365 0.131516 0.135023 0.124834 0.105074 0.094332 0.080912 0.065022 0.051998 0.042871 0.026222 0.012254 0.000243 0.000000 0.000000 0.000001 -0.000001 0.000000 -0.000001 0.000000 0.000001 0.000000
0.000000 0.000000 0.000001 -0.000001 0.000000 0.000000 0.000000 -0.000001 0.000000 0.000000 0.000095 0.001747 0.006964 0.015050 0.019692 0.019814 0.016616 0.013898 0.014374 0.016675 0.022331 0.029069 0.032585 0.034942 0.035555 0.032708 0.038959 0.063116 0.087178 0.100307 0.109106 0.123160 0.134174 0.146632 0.158677 0.166390 0.160985 0.143659 0.111194 0.115159 0.118739 0.141978 0.141261 0.129377 0.110219 0.084972 0.064090 0.046210 0.029567 0.019455 0.011757 0.003231 0.000106 0.000001 -0.000001 0.000000 0.000001 -0.000001 0.000000 -0.000001 0.000000 0.000000
0.000001 0.000000 -0.000001 0.000000 -0.000001 0.000000 0.000000 0.000001 0.000001 0.000001 0.000140 0.003105 0.008798 0.012849 0.015261 0.013314 0.011378 0.012762 0.012472 0.016021 0.017069 0.018842 0.019383 0.018019 0.015726 0.019674 0.029830 0.053027 0.075520 0.086398 0.098404 0.119693 0.139202 0.137527 0.157529 0.163102 0.154229 0.139123 0.119012 0.123987 0.125793 0.140632 0.131765 0.114712 0.109637 0.079854 0.053863 0.032623 0.016269 0.006711 0.002109 0.000020 0.000002 -0.000001 0.000001 -0.000001 0.000000 0.000000 0.000001 0.000000 0.000001 0.000000
0.000000 0.000000 0.000001 0.000000 0.000001 0.000001 0.000000 0.000000 -0.000001 0.000024 0.000516 0.004233 0.008070 0.009101 0.011300 0.011170 0.010624 0.010639 0.016141 0.014743 0.013230 0.011539 0.012526 0.013568 0.014338 0.017436 0.024801 0.040689 0.056362 0.071367 0.091808 0.121573 0.126824 0.134956 0.141708 0.152640 0.142100 0.129147 0.128960 0.129896 0.127599 0.135365 0.124055 0.106967 0.077393 0.052781 0.037075 0.025452 0.009262 0.002766 0.000001 0.000000 0.000000 0.000001 0.000000 0.000001 0.000001 0.000000 0.000001 0.000000 0.000001 0.000000
0.000001 0.000000 0.000000 0.000000 0.000000 0.000000 0.000000 0.000001 0.000001 0.000289 0.001896 0.005217 0.006736 0.009290 0.012900 0.013931 0.009956 0.010404 0.016141 0.012415 0.011445 0.013108 0.013886 0.014511 0.015762 0.018124 0.020121 0.029145 0.037906 0.055109 0.073656 0.106645 0.122199 0.118965 0.131026 0.131789 0.130980 0.136368 0.145337 0.133179 0.140222 0.134049 0.111521 0.080982 0.054386 0.031183 0.020333 0.012602 0.006299 0.000133 0.000000 0.000000 0.000001 0.000000 0.000001 0.000000 -0.000001 0.000000 0.000001 0.000000 0.000001 0.000000
0.000000 0.000001 -0.000001 0.000001 0.000001 0.000000 0.000001 0.000000 0.000000 0.000193 0.001633 0.004605 0.007504 0.011678 0.017611 0.016600 0.008965 0.009627 0.010110 0.009687 0.011942 0.016410 0.016513 0.013575 0.014902 0.014235 0.019917 0.020133 0.024687 0.035575 0.054877 0.075860 0.086511 0.100383 0.108891 0.115433 0.127427 0.127419 0.137053 0.138101 0.126620 0.121953 0.090505 0.066160 0.038926 0.020865 0.010442 0.007167 0.002003 0.000001 0.000001 0.000000 0.000000 0.000000 0.000000 0.000000 0.000001 0.000000 0.000001 0.000000 0.000001 0.000000
